$ANSIBLE_VAULT;1.1;AES256
66303238353966626235383233383063373565396233333561346534323639643430326438306434
3563663666343161383461303037616464366432313965380a636638323136343963353062613135
36393932326534346163316665393939343337626662346632343539373838343439316232656131
3464386364393939650a333935366433626437643865633565366265653137336439333136333430
39626538363530636132353864303036646665643131376265346362623564363966666435663736
64373031363836666364376136663231653031333436646332363963343136343535646163313134
33373434363832346434316336336433663864333263356331356633613834646339313030333937
65656636633565333033353465303433643036643761663232656235366439616363653563383837
33326365386262666266353735333534316536356431653161306562656262353764313463623465
65366236613639666266656366363634366237633933346262613230396234393936313637326434
31656436366235643134343961333530386130616435633939633935303163366461633239393662
39323763383631643734326131333838386530376637356432333132356430653638306234653762
37666532633731353862323762656634633861356632323365646538383334346637656162626233
39353136353463663638313835356436616438333037393330626138396661353133643536663364
36383732323930666533663635393438333264393031393962653330643864303164636339626161
65396262366534653835376465326135363537643862646535313338386432313162326364656366
30396666373937653665383838386534386362653337363833366235373738313665623262383133
37653964363764663762363836303361366363363831316539366636373362393331613836336466
62353033386432663936636662326161376331646133653562336335623232383634313365646234
31393466653832623734313130303932323538613762343964303163363036386132613732333937
32363864386433323831626638366164626664323632316135633831623736613837313535316235
30626333313630653062666262663661306262323761353766353266386532653533613763386236
64363132623631366562336633393333383565656263383737623333646332373661653663383465
32376336306132666134313662613837616163653830323665333831313831646537656531393438
34646432383166646436633962303938363766316363336665626239326466333634646331626363
32633363316631653136303835616461366562663230333161383937353836666430353361616439
313462373232316262663231373731623261
